7.81490124e+03	5.40950023e+03	7.07930325e+03	9.08504840e+03	5.08554028e+03	1.68981282e+03	9.09163296e+03	8.18231067e+03	1.02239267e+04	7.57227033e+03	9.64608739e+03	7.08053418e+03	7.60772050e+03	8.74754289e+03	5.57588024e+03	6.45776588e+03	6.01182592e+03	1.36181588e+04	1.20049450e+03	5.02886486e+03	1.31555675e+04	3.41020030e+03	6.83433406e+03	7.87365250e+03	6.97830156e+03	1.00029640e+04	4.73911428e+03	4.57202066e+03	9.30910226e+03	7.88120842e+03
7.59866330e+03	4.98450258e+03	6.13009310e+03	8.64811278e+03	2.38777721e+03	1.47101545e+03	5.00902380e+03	6.16604635e+03	1.01867715e+04	6.80457559e+03	6.26698879e+03	5.67854104e+03	6.74954256e+03	6.19414166e+03	4.08477319e+03	4.43059742e+03	5.30595139e+03	1.17637533e+04	7.89258171e+02	4.29689162e+03	7.84433541e+03	2.40761716e+03	4.06229689e+03	5.90285008e+03	6.85938346e+03	5.55568582e+03	4.25587844e+03	3.77557561e+03	8.85703257e+03	4.72799910e+03
2.85227422e+03	4.52449702e+03	4.57122271e+03	3.63299201e+03	1.11265092e+03	1.10845450e+03	3.36215470e+03	3.01109443e+03	9.20282877e+03	5.84196854e+03	3.09759317e+03	3.75972012e+03	6.74922244e+03	4.85412534e+03	2.21387241e+03	3.15054550e+03	2.59432899e+03	7.47888786e+03	5.96227957e+02	2.92537902e+03	6.47255467e+03	2.20886317e+03	3.58449587e+03	4.18383796e+03	4.77166341e+03	3.82929120e+03	1.84637140e+03	3.01027191e+03	6.43493200e+03	2.81353960e+03
1.09746052e+03	3.31247951e+03	1.39395968e+03	1.98678912e+03	7.21466302e+02	8.46977660e+02	1.42623023e+03	1.27308652e+03	4.96991008e+03	3.84469761e+03	1.69343608e+03	2.06139800e+03	5.03117298e+03	2.64712629e+03	7.35135750e+02	1.21400497e+03	1.53941037e+03	3.56538780e+03	4.93724872e+02	1.31494603e+03	3.26993283e+03	1.91318632e+03	1.92432285e+03	1.96977972e+03	2.11518748e+03	1.02657985e+03	8.82547800e+02	2.00267303e+03	3.41018741e+03	1.18007263e+03
9.35629279e+02	1.05581391e+03	9.18282033e+02	9.32538501e+02	6.37687942e+02	6.97855876e+02	1.14973142e+03	7.14127362e+02	1.14665285e+03	1.55464767e+03	9.85139547e+02	1.79993608e+03	2.62539847e+03	8.53924817e+02	5.32604981e+02	5.36880235e+02	9.66834367e+02	9.86861322e+02	4.51423892e+02	7.08013310e+02	1.61583885e+03	8.59386094e+02	8.08507156e+02	8.44484980e+02	9.03716463e+02	5.69821750e+02	6.81107228e+02	8.97172527e+02	1.21256584e+03	4.93642061e+02
5.67990587e+02	5.19173630e+02	6.59153726e+02	6.87884637e+02	5.35633871e+02	5.64134391e+02	6.54241599e+02	5.13803787e+02	4.86592827e+02	8.89014921e+02	5.55236739e+02	7.55264288e+02	1.04244902e+03	6.18450411e+02	4.70354800e+02	4.39513405e+02	5.67246456e+02	5.93198758e+02	4.09647295e+02	5.37049058e+02	4.14509011e+02	5.28747789e+02	4.78715376e+02	4.74838025e+02	5.70572958e+02	5.21439434e+02	5.96579676e+02	7.10421972e+02	4.46239356e+02	4.62020334e+02
4.54980407e+02	4.12735299e+02	5.63922307e+02	5.22933819e+02	4.51595167e+02	4.64150406e+02	5.64204863e+02	4.65789803e+02	4.00073432e+02	5.13998341e+02	4.81239398e+02	4.43852161e+02	5.15634072e+02	4.52483301e+02	4.11402267e+02	4.08561580e+02	4.94844268e+02	4.28583573e+02	3.59986604e+02	4.38463934e+02	3.62135814e+02	4.28850855e+02	3.72681168e+02	4.07571622e+02	4.34626067e+02	4.59273484e+02	4.59090507e+02	5.19009999e+02	4.20963113e+02	4.37470017e+02
4.01333896e+02	3.78371152e+02	4.02533970e+02	4.35387499e+02	3.96987454e+02	3.99318052e+02	4.22896387e+02	4.30132338e+02	3.85680541e+02	4.41542846e+02	4.25485460e+02	3.81998848e+02	4.13153732e+02	3.90880062e+02	3.93254389e+02	3.71706356e+02	4.44524372e+02	4.02159780e+02	3.56839962e+02	4.08937250e+02	3.51992567e+02	4.04937149e+02	3.66628722e+02	3.84635668e+02	3.96322348e+02	4.29130584e+02	4.11126262e+02	4.60886006e+02	3.96112125e+02	3.90062301e+02
3.80013837e+02	3.61478825e+02	3.73631626e+02	3.79819507e+02	3.78073862e+02	3.82123454e+02	3.74991280e+02	3.86694546e+02	3.76119807e+02	4.00664941e+02	3.73861781e+02	3.56738488e+02	3.85514148e+02	3.77728963e+02	3.84613264e+02	3.50767726e+02	3.96667241e+02	3.89489374e+02	3.52860233e+02	3.77203880e+02	3.48622223e+02	3.88918213e+02	3.60733582e+02	3.66619006e+02	3.84405329e+02	3.94421024e+02	3.76358715e+02	3.98626579e+02	3.86338046e+02	3.64776273e+02
3.55141442e+02	3.50294599e+02	3.56286584e+02	3.61118941e+02	3.63100720e+02	3.71751001e+02	3.66976223e+02	3.57406158e+02	3.51414795e+02	3.66444069e+02	3.57768960e+02	3.51112352e+02	3.65564826e+02	3.47237351e+02	3.72693243e+02	3.46587565e+02	3.84245355e+02	3.56846289e+02	3.48857769e+02	3.66032937e+02	3.46154300e+02	3.62735437e+02	3.54479076e+02	3.51241308e+02	3.71787413e+02	3.64372579e+02	3.59929489e+02	3.64902656e+02	3.80335355e+02	3.54790602e+02
3.47179643e+02	3.46556575e+02	3.43073735e+02	3.48252484e+02	3.49391619e+02	3.59478925e+02	3.49932263e+02	3.51924862e+02	3.40912577e+02	3.46649666e+02	3.49875149e+02	3.45340556e+02	3.49960945e+02	3.38505792e+02	3.55716804e+02	3.42289369e+02	3.57320659e+02	3.48336509e+02	3.45014829e+02	3.55075103e+02	3.44125805e+02	3.48303712e+02	3.47312543e+02	3.45441739e+02	3.54595832e+02	3.48591596e+02	3.41575227e+02	3.52187108e+02	3.56311623e+02	3.46734066e+02
3.39315653e+02	3.42620011e+02	3.36920789e+02	3.45298217e+02	3.39170970e+02	3.47362093e+02	3.38414523e+02	3.38841903e+02	3.38983545e+02	3.43407390e+02	3.42485985e+02	3.41661522e+02	3.47411701e+02	3.36243649e+02	3.43703859e+02	3.39808574e+02	3.41345084e+02	3.44070181e+02	3.41043048e+02	3.43032167e+02	3.42540071e+02	3.43860194e+02	3.42233025e+02	3.40261935e+02	3.48745671e+02	3.38878951e+02	3.37042447e+02	3.39038218e+02	3.46697989e+02	3.41007859e+02
3.37417364e+02	3.40149912e+02	3.36260134e+02	3.37733493e+02	3.38261925e+02	3.38892650e+02	3.36785401e+02	3.36544941e+02	3.37990799e+02	3.39024584e+02	3.36900037e+02	3.40136373e+02	3.44904294e+02	3.35995546e+02	3.37577050e+02	3.37479544e+02	3.38043913e+02	3.41617853e+02	3.39230309e+02	3.36966764e+02	3.39794720e+02	3.43500899e+02	3.40416984e+02	3.36743465e+02	3.43189867e+02	3.36299442e+02	3.36630623e+02	3.37065986e+02	3.38804695e+02	3.38568201e+02
3.36825000e+02	3.38147511e+02	3.36154486e+02	3.36836595e+02	3.37402823e+02	3.37853356e+02	3.36480733e+02	3.36493570e+02	3.37204672e+02	3.38150759e+02	3.36753852e+02	3.38949257e+02	3.41736454e+02	3.35798101e+02	3.37333556e+02	3.36675080e+02	3.36605075e+02	3.37678860e+02	3.37108918e+02	3.36555637e+02	3.38613129e+02	3.37963157e+02	3.38779399e+02	3.36472817e+02	3.38480519e+02	3.35931460e+02	3.36365953e+02	3.36706655e+02	3.37526353e+02	3.36735543e+02
3.36559967e+02	3.36797918e+02	3.36037635e+02	3.36457065e+02	3.36030042e+02	3.35981052e+02	3.36127856e+02	3.36366686e+02	3.36279011e+02	3.37236682e+02	3.36314790e+02	3.36266585e+02	3.38203146e+02	3.35750158e+02	3.35885210e+02	3.36311048e+02	3.36434786e+02	3.37105487e+02	3.35943041e+02	3.36225472e+02	3.37246853e+02	3.36821290e+02	3.36842502e+02	3.36254750e+02	3.37168264e+02	3.35832715e+02	3.36161618e+02	3.36413197e+02	3.37064658e+02	3.36231596e+02
3.35807772e+02	3.35803717e+02	3.35853250e+02	3.36007511e+02	3.35876472e+02	3.35653240e+02	3.35802793e+02	3.35727066e+02	3.35818808e+02	3.36011678e+02	3.36017446e+02	3.36013833e+02	3.36014626e+02	3.35726756e+02	3.35818958e+02	3.35915252e+02	3.35711216e+02	3.35866925e+02	3.35798673e+02	3.35997947e+02	3.35824477e+02	3.36024800e+02	3.35947388e+02	3.35781745e+02	3.36106462e+02	3.35751726e+02	3.35963597e+02	3.36071311e+02	3.36155304e+02	3.35892328e+02
1.00000000e+06	1.00000000e+06	1.00000000e+06	1.00000000e+06	1.00000000e+06	1.00000000e+06	1.00000000e+06	1.00000000e+06	1.00000000e+06	1.00000000e+06	1.00000000e+06	1.00000000e+06	1.00000000e+06	1.00000000e+06	1.00000000e+06	1.00000000e+06	1.00000000e+06	1.00000000e+06	1.00000000e+06	1.00000000e+06	1.00000000e+06	1.00000000e+06	1.00000000e+06	1.00000000e+06	1.00000000e+06	1.00000000e+06	1.00000000e+06	1.00000000e+06	1.00000000e+06	1.00000000e+06
