1.3800000000000000e+02	1.9196233612567767e+02	2.0400000000000000e+02	1.5900000000000000e+02	1.6991076295862990e+02	1.8900000000000000e+02	1.5818714330360808e+02	1.0324425558486428e+02	1.7574939957782931e+02	1.3426817375652365e+02	1.4347375308058895e+02	1.5136925883154481e+02	1.9713956076795546e+02	1.4332437726304545e+02	1.5258794316177773e+02	1.4007996377949075e+02	1.9771107689324936e+02	1.2543110784965461e+02	1.8608694087101969e+02	1.6184147473549456e+02	1.6082951051876626e+02	1.5842827018043613e+02	1.3300000000000000e+02	1.9231185227792730e+02	1.7028120701888633e+02	1.8591904936060178e+02	1.4807672210714327e+02	1.3429834646968482e+02	1.6937950462310357e+02	1.6666212542896710e+02
1.2061198757224929e+02	1.8670841105751811e+02	1.6700000000000000e+02	1.3933496186277830e+02	1.6991076295862990e+02	1.4553610737150007e+02	1.5818714330360808e+02	1.0324425558486428e+02	1.5129782355402176e+02	1.2500000000000000e+02	1.4347375308058895e+02	1.5136925883154481e+02	1.8819206766736579e+02	1.4332437726304545e+02	1.4882712223960368e+02	1.3059230674433684e+02	1.9771107689324936e+02	1.2543110784965461e+02	1.8272384505416494e+02	1.1093241240452869e+02	1.4641754048352914e+02	1.2447485596077513e+02	1.3300000000000000e+02	1.9231185227792730e+02	1.4169909523200704e+02	1.5500000000000000e+02	1.4807672210714327e+02	1.3429834646968482e+02	1.6937950462310357e+02	1.6666212542896710e+02
1.2061198757224929e+02	1.5050000000000000e+02	1.3300063518411139e+02	1.3933496186277830e+02	1.4878917211210467e+02	9.8353781539769557e+01	1.5818714330360808e+02	1.0324425558486428e+02	1.4256389021673590e+02	1.2500000000000000e+02	1.3546911892674996e+02	1.5136925883154481e+02	1.6177354439588237e+02	1.4332437726304545e+02	1.4790819282025006e+02	1.3059230674433684e+02	1.7537517236585404e+02	1.1917047662501420e+02	1.2542114715082619e+02	8.7065270673388000e+01	1.1756640434164399e+02	1.2447485596077513e+02	1.3300000000000000e+02	1.3850000000000000e+02	1.0419947891143579e+02	1.5500000000000000e+02	1.4807672210714327e+02	1.3429834646968482e+02	1.6650000000000000e+02	1.6320391412506797e+02
1.2061198757224929e+02	1.5050000000000000e+02	1.3300063518411139e+02	1.2015499415525733e+02	1.4878917211210467e+02	9.8353781539769557e+01	1.3721430817095893e+02	1.0324425558486428e+02	1.4152866346808696e+02	1.2500000000000000e+02	1.3065461813009119e+02	1.5136925883154481e+02	1.4569173088350919e+02	1.3981224707444972e+02	9.8438774865709888e+01	1.3038399047604560e+02	1.7537517236585404e+02	1.1767093028192755e+02	1.2542114715082619e+02	8.3785189680001963e+01	1.1756640434164399e+02	1.1672787318686562e+02	9.0500000000000000e+01	1.3850000000000000e+02	9.8210920348633067e+01	1.3280712779706073e+02	1.1743775599221806e+02	8.2481935293578886e+01	1.6650000000000000e+02	6.9273728749387374e+01
1.1702984492615008e+02	1.1344726278140479e+02	8.6172292741449382e+01	1.0507639503807002e+02	1.2830753938817315e+02	9.8353781539769557e+01	1.0550550279603760e+02	1.0324425558486428e+02	1.3622390879992543e+02	1.2144707682841056e+02	9.6389760424405154e+01	1.2178790874343395e+02	7.4000000000000000e+01	1.0050330477623925e+02	9.3808688562197517e+01	1.1139614956020728e+02	1.3664288829425482e+02	1.1596971594833292e+02	1.2542114715082619e+02	7.8803102005875758e+01	1.0650000000000000e+02	7.4559008234203702e+01	8.6500000000000000e+01	1.3850000000000000e+02	8.9660854680364537e+01	1.3280712779706073e+02	1.0731902139352690e+02	8.2481935293578886e+01	1.5385053960944697e+02	6.4000000000000000e+01
1.0097208351100574e+02	9.0883811163290602e+01	8.6172292741449382e+01	1.0507639503807002e+02	8.6000000000000000e+01	9.8353781539769557e+01	1.0550550279603760e+02	8.9531347954605508e+01	5.7905399166616803e+01	8.9367784157267920e+01	3.4654438939882766e+01	1.0858693158431743e+02	6.0547927100161928e+01	6.2000000000000000e+01	4.2848254206177330e+01	1.0919089831179099e+02	1.0059018783965257e+02	9.6500024867324669e+01	1.0409256526421336e+02	7.3610381733849636e+01	1.0650000000000000e+02	7.0224849730470282e+01	4.8000000000000000e+01	1.0083726588636739e+02	6.7776455251313109e+01	8.6213116845670356e+01	1.0351935265094585e+02	5.3936155635184264e+01	1.1329986265171635e+02	5.8993275126631829e+01
6.0000000000000000e+01	7.2000000000000000e+01	6.6578517014409954e+01	7.6932103041145979e+01	5.9057130590811198e+01	8.8991027083644894e+01	8.2091473102879604e+01	5.3138999299883494e+01	5.7482170351644982e+01	5.6184761792115182e+01	3.3401196462278904e+01	5.4000000000000000e+01	6.0003644060434453e+01	6.0345051263389450e+01	3.0475579255568505e+01	8.0393660754515508e+01	7.7182241105894832e+01	4.6179997358792662e+01	5.9828486603827400e+01	7.3610381733849636e+01	7.5575282702520781e+01	3.9903327467063150e+01	4.8000000000000000e+01	1.0083726588636739e+02	6.6960576233309894e+01	7.8942646247996322e+01	6.8000000000000000e+01	4.8660511457385724e+01	8.6686483477109846e+01	5.5188505249740842e+01
4.3938304499021342e+01	3.9821935041772235e+01	5.8129998042240913e+01	4.5591157794363198e+01	5.4237027156778140e+01	8.5531452980578479e+01	6.6127213158135419e+01	4.9929853501245248e+01	5.6024513367658415e+01	5.6051174174755374e+01	3.3232145378681139e+01	5.4000000000000000e+01	5.4393629979985235e+01	6.0308752646573453e+01	3.0475579255568505e+01	6.3641694385794153e+01	5.8204180190382317e+01	4.6135576366674059e+01	5.9828486603827400e+01	7.2069922367063100e+01	7.3950294767249716e+01	3.5665474020452166e+01	4.1633757706555684e+01	6.0884153989454148e+01	4.3808325321429379e+01	4.6457739714234776e+01	6.3990269282980989e+01	3.4012504645098375e+01	6.0191064029423387e+01	5.3438894153458364e+01
4.3938304499021342e+01	2.2709138347250132e+01	5.8042121545525561e+01	3.6787179842416094e+01	5.4237027156778140e+01	4.8000000000000000e+01	5.6373484486029611e+01	4.6010455240916940e+01	5.6009693150545559e+01	3.2000000000000000e+01	2.6838218502196355e+01	5.4000000000000000e+01	4.4070971336453113e+01	6.0122295091390129e+01	3.0475579255568505e+01	4.5997663436289031e+01	3.4809302009993871e+01	4.6061987242937676e+01	4.4624556545971927e+01	3.5580339369687067e+01	5.6339440422014150e+01	2.6006547838882966e+01	2.8470934544895840e+01	3.4538281979231897e+01	3.5690511674367144e+01	3.3789387764410321e+01	5.4000000000000000e+01	3.0000313733107419e+01	5.0034195471430849e+01	2.6650154210749520e+01
4.3938304499021342e+01	2.0471297977379209e+01	4.8000000000000000e+01	3.4177434456749438e+01	4.9849860449715607e+01	3.0000066128356934e+01	5.2258953382145364e+01	4.4395616947183271e+01	4.9147235490107732e+01	2.8174041468385099e+01	1.3354638280003087e+01	4.8248143790214385e+01	2.0046361140230033e+01	4.2468450397241782e+01	2.4701689713366591e+01	3.4082321444848390e+01	2.9102977114616579e+01	3.0000814557210447e+01	4.2967427406965157e+01	2.2828851771051859e+01	2.9321363144873317e+01	2.4078049278081039e+01	2.4094483716262971e+01	3.4114707277786124e+01	2.8716479779401993e+01	2.8269718021490235e+01	5.4000000000000000e+01	3.0000313733107419e+01	4.1222192877527618e+01	2.6075675275258277e+01
3.4002263049982048e+01	1.9058035842722802e+01	2.7903460513407481e+01	3.0124457996776755e+01	2.1967694922794976e+01	3.0000066128356934e+01	2.0000000000000000e+01	2.4135240590374451e+01	3.2596575634613146e+01	2.8012420061942407e+01	1.3354638280003087e+01	2.8701888546571354e+01	1.8000000008535267e+01	3.4516846193805350e+01	2.0058587647950162e+01	2.7215391357808357e+01	2.8125874984153597e+01	3.0000814557210447e+01	3.2384233193990326e+01	2.2001736216896916e+01	2.6053527678671912e+01	1.6805293226057188e+01	2.4094483716262971e+01	2.8432997204413255e+01	1.9091838821922011e+01	2.3127614431769871e+01	3.8021654466394693e+01	3.0000313733107419e+01	2.6051488666899218e+01	2.4573244969481379e+01
2.2407589161868486e+01	1.8529429129926029e+01	2.6029444118296283e+01	6.1097974599872487e+00	2.0003692500110560e+01	2.1423589858282298e+01	2.0000000000000000e+01	2.2466815709396315e+01	1.6058623524366112e+01	2.6425762348802550e+01	1.3354638280003087e+01	1.6116842229045460e+01	1.2024807723521690e+01	2.6066049247701358e+01	2.0002395346606704e+01	2.6008539047668819e+01	2.0235602871198353e+01	2.0163964451434367e+01	1.6226534565504153e+01	1.8034641611863890e+01	2.6053527678671912e+01	1.2091205306426559e+01	1.6815045494410924e+01	1.6062419104783203e+01	1.8020870067307555e+01	2.1662843084270548e+01	2.5540633060642563e+01	2.1945732800438350e+01	1.5497547574212945e+01	2.0273312099312648e+01
1.4003383370398637e+01	1.4026179789955222e+01	6.1946900735899817e+00	6.0857915135218263e+00	6.2716087446170832e+00	1.0365344747355493e+01	1.4004880973140416e+01	2.2292736763889479e+01	1.6043036886419145e+01	1.8218266286213066e+01	1.0829991897840273e+01	1.4031125565884167e+01	1.2022660684193966e+01	2.0019705346526621e+01	1.6280818952804225e+01	1.4006647942968584e+01	2.0235602871198353e+01	1.8013672705351382e+01	1.6226534565504153e+01	1.2004544730320276e+01	2.6053527678671912e+01	1.0029462199283671e+01	1.6815045494410924e+01	1.6007344177311438e+01	8.1280469766066972e+00	1.5674190585697374e+01	1.0233082350055156e+01	1.1983796178456487e+01	1.5497547574212945e+01	1.8054801025809411e+01
8.0235649794484516e+00	1.0486494527191212e+01	6.1946900735899817e+00	6.0857915135218263e+00	4.0488668026318919e+00	1.0365344747355493e+01	1.4001967039634565e+01	1.6371763776664238e+01	1.6043036886419145e+01	1.8108105611244127e+01	1.0829991897840273e+01	1.2004791384597524e+01	6.1821132047862193e+00	1.4000802833113653e+01	1.2029281404876883e+01	1.2019048899570635e+01	1.0006226996794794e+01	1.2020835643365444e+01	1.6226534565504153e+01	1.2004544730320276e+01	1.8010309224549133e+01	4.0491567201266889e+00	1.1947995024673219e+01	1.6007344177311438e+01	8.1280469766066972e+00	1.4016400539379447e+01	1.0233082350055156e+01	1.0864781974867128e+01	1.0009412850325816e+01	6.0106037631286426e+00
8.0235649794484516e+00	1.0002986721937759e+01	6.1946900735899817e+00	6.0857915135218263e+00	4.0009662727201203e+00	8.0009332003828604e+00	1.2000369222017298e+01	1.2000088566833824e+01	1.6009361640470843e+01	1.2000361865884315e+01	1.0223178902730297e+01	8.0004728807334686e+00	6.1821132047862193e+00	6.0026868700620071e+00	1.0061018059874641e+01	8.0004888800295930e+00	1.0006226996794794e+01	1.0001027267572795e+01	8.0185547366741048e+00	1.2004544730320276e+01	1.0000376448053316e+01	2.0039381043596904e+00	8.0017353761348886e+00	8.0010020088901683e+00	8.1280469766066972e+00	8.0008776086499438e+00	8.0033905873441427e+00	1.0000505647563273e+01	1.0009412850325816e+01	6.0003393872450488e+00
6.0000000027573606e+00	8.0000031728305885e+00	6.0000000000234195e+00	6.0000000420945980e+00	4.0000000000280806e+00	8.0000000328166152e+00	8.0000472495826216e+00	1.0000012068949218e+01	1.0000133592561838e+01	1.0000053173190281e+01	1.0000000041430553e+01	6.0000000001006129e+00	4.0000004380632390e+00	6.0000000000753744e+00	8.0000003101781658e+00	8.0000000018968649e+00	1.0000000004130129e+01	8.0000000001265335e+00	6.0000000006551772e+00	1.2000000000026603e+01	8.0000000056376166e+00	2.0000000000985665e+00	8.0000000108249196e+00	8.0000000000619593e+00	8.0000000001076614e+00	4.0000072181002224e+00	8.0033905873441427e+00	8.0000000000541149e+00	1.0000000001400736e+01	6.0000000021441338e+00
2.0000000000000000e+05	2.0000000000000000e+05	2.0000000000000000e+05	2.0000000000000000e+05	2.0000000000000000e+05	2.0000000000000000e+05	2.0000000000000000e+05	2.0000000000000000e+05	2.0000000000000000e+05	2.0000000000000000e+05	2.0000000000000000e+05	2.0000000000000000e+05	2.0000000000000000e+05	2.0000000000000000e+05	2.0000000000000000e+05	2.0000000000000000e+05	2.0000000000000000e+05	2.0000000000000000e+05	2.0000000000000000e+05	2.0000000000000000e+05	2.0000000000000000e+05	2.0000000000000000e+05	2.0000000000000000e+05	2.0000000000000000e+05	2.0000000000000000e+05	2.0000000000000000e+05	2.0000000000000000e+05	2.0000000000000000e+05	2.0000000000000000e+05	2.0000000000000000e+05
